22 288 298 300 310 320 330 340 350 360 370 
carboxyindole, Model 1, reactant, 1H2O D0
    16.4094                86.6771               105.6857
   113.8097               144.1941               144.9504
   204.4950               225.9178               270.4498
   286.4531               313.2172               359.7478
   416.1446               432.8358               518.7516
   519.9616               589.9735               608.0174
   627.8351               648.1443               746.8579
   763.5778               769.2259               786.0636
   798.3454               827.2215               870.7557
   899.2274               906.8302               948.2701
   979.4413              1032.3686              1035.7171
  1132.1127              1160.0186              1174.3334
  1199.4809              1265.8621              1274.9285
  1288.3154              1356.7807              1372.2793
  1385.9851              1449.8590              1489.3123
  1528.5748              1556.8850              1616.0566
  1622.6536              1660.0140              1710.1993
  3185.6423              3196.7317              3208.7755
  3229.9631              3270.3114              3435.9178
  3652.0130              3784.4872              3872.2418
carboxyindole reactant, 1H2O D4
    15.2091                82.3832                98.9216
   105.4521               113.5850               141.0083
   191.2195               215.6942               216.5934
   233.6246               287.2656               347.1324
   415.1248               428.1736               503.6835
   506.4580               571.3252               590.7807
   594.2619               599.4923               644.8140
   725.2504               752.3672               754.9284
   775.3100               786.5137               814.3096
   862.9523               870.7021               943.0393
   948.2672               962.3194               979.4373
  1032.6425              1034.7530              1136.4850
  1174.5130              1187.5186              1198.2472
  1251.0921              1278.4216              1326.1505
  1368.9944              1383.6171              1444.9692
  1479.8942              1517.4855              1528.8241
  1615.6886              1658.3936              1700.3410
  2426.8776              2506.0386              2726.1901
  2836.5766              3185.6430              3196.7322
  3208.7786              3229.9642              3651.9654
carboxyindole, model 1, TS D0
 -1317.2775                37.6092                73.6829
    92.1911               130.2310               227.9233
   233.9800               283.7115               385.6887
   423.0367               445.0143               460.9550
   497.7161               539.6140               571.4655
   578.4964               592.5653               639.3152
   658.3766               708.7510               763.6471
   771.9947               790.0539               807.4028
   834.5768               882.9571               891.8830
   937.2955               958.7938               992.8349
  1032.6283              1038.6048              1076.7126
  1130.9208              1159.7755              1178.9859
  1203.1434              1230.6591              1280.8613
  1288.2520              1320.3553              1342.7597
  1373.8536              1462.0671              1497.0604
  1509.2609              1516.9720              1541.3382
  1568.0697              1627.0219              1662.1090
  1715.7530              2210.0031              3192.9337
  3203.9517              3212.6875              3218.7270
  3267.6407              3615.5285              3791.9417
carboxyindole, model 1, TS D4
   -980.1922                36.9065                72.1009
    89.3554               128.0411               222.5175
   225.5006               276.8668               361.8450
   389.6247               405.3136               427.8391
   450.1157               460.4990               481.9830
   557.5611               576.9959               621.1923
   655.2952               691.7960               745.5565
   763.0814               772.0616               780.9990
   794.5643               801.0447               832.8127
   859.1770               879.8111               924.8892
   959.3524               961.7075               992.8459
  1033.0157              1038.6500              1110.2218
  1134.2347              1140.5861              1180.7235
  1214.5046              1241.0200              1283.4381
  1306.2148              1334.3976              1368.9713
  1440.6602              1473.8567              1495.4460
  1535.7513              1583.1991              1626.9367
  1661.3880              1704.3667              2422.8717
  2757.2905              3192.9337              3203.9519
  3212.6871              3218.7267              3615.4169
  25 288 298 300 310 320 330 340 350 360 370 
3-carboxyindole Model 1b, reactant, 2H2O D0
     16.6479                20.8361                38.7618
    84.3478               100.5760               103.6705
   114.5967               118.6858               134.1886
   174.4348               224.9352               226.5940
   273.2068               287.1762               320.3312
   363.1506               386.4902               432.2090
   435.2483               521.6544               532.9709
   589.1438               610.5528               617.5003
   631.0163               650.5614               747.1516
   764.8318               777.4726               786.7553
   799.2487               853.5839               873.9416
   898.0406               907.6528               951.4916
   982.1730              1036.6593              1040.2700
  1134.5372              1162.2305              1176.6699
  1208.7184              1268.3144              1274.9770
  1291.2480              1358.5457              1373.1691
  1396.5838              1448.1981              1490.6412
  1528.9796              1555.1956              1616.5568
  1621.1098              1660.4877              1662.5947
  1681.9858              3186.7794              3198.4558
  3210.5081              3230.4697              3271.3026
  3381.9347              3504.8770              3646.1488
  3781.9900              3848.6147              3869.7106
3-carboxyindole  Model 1b, reactant, 2H2O D6
    15.6210                20.2927                37.1498
    65.6074                82.0756                93.1255
    97.5789               117.9992               126.7878
   166.1134               204.9328               222.1421
   226.3026               239.3877               282.7504
   283.6302               351.6241               412.3784
   428.7976               437.5377               444.8882
   507.7106               585.1421               587.9136
   603.3334               623.2134               644.3105
   754.3056               762.1223               766.8403
   792.7205               794.7089               867.3102
   873.6181               903.2634               936.7880
   951.4753               962.6330               982.1724
  1036.8358              1051.7848              1137.3264
  1176.2150              1185.3511              1205.8784
  1212.7030              1248.4213              1282.6706
  1351.8856              1369.4934              1392.1110
  1395.4419              1485.3976              1520.6628
  1549.6429              1612.0913              1655.7145
  1670.1889              2467.7118              2543.9983
  2677.0258              2724.2337              2802.0675
  2834.8911              3186.7795              3198.4553
  3210.5089              3230.4704              3271.7959
3-carboxyindole,  Model 1b, TS1 D0
  -1318.4592                12.5189                40.1396
    51.1341                81.9752                92.7235
   136.4619               156.2458               169.9836
   223.7575               236.9497               282.8054
   374.3266               389.4047               406.7708
   428.8764               459.1835               502.5237
   531.7649               557.1201               581.6493
   595.9106               643.8717               657.9831
   663.3593               704.0616               765.1940
   774.6573               788.8768               807.7540
   837.1744               882.1830               893.6128
   939.9294               959.1055               993.7757
   995.2634              1039.6967              1050.2938
  1133.4193              1164.3502              1179.6161
  1214.3558              1236.7094              1286.0150
  1290.0430              1328.0002              1345.0068
  1373.7257              1464.0474              1498.1538
  1513.7260              1536.7187              1546.8557
  1592.1989              1626.9760              1662.6364
  1670.1528              1706.7625              2603.7655
  3193.3273              3204.0600              3213.8123
  3218.5856              3269.2355              3450.7418
  3618.3400              3782.6817              3842.0835
3-carboxyindole,  Model 1b, TS1 D6
  -980.2252                12.0988                38.5855
    49.5505                79.2706                88.9830
   115.3608               133.3397               162.2684
   216.8080               233.8307               261.1637
   288.8945               344.2983               385.8872
   408.0308               424.2822               440.0864
   454.7672               479.4166               491.4590
   498.4685               573.9822               590.3262
   653.5406               673.4261               736.7321
   762.8760               773.0588               788.3305
   800.3228               828.1506               866.5869
   879.1456               929.3972               932.2173
   958.4104               963.5054               993.7896
  1039.6238              1054.4384              1123.8347
  1139.6972              1162.8955              1180.4478
  1187.5195              1217.6167              1250.0877
  1282.3463              1320.9008              1342.9108
  1373.0453              1402.0825              1492.7029
  1500.3491              1528.0238              1622.1040
  1653.5518              1660.5209              1904.3898
  2506.3011              2657.1684              2750.7026
  2795.5413              3193.3271              3204.0595
  3213.8114              3218.5851              3269.3396
    25 288 298 300 310 320 330 340 350 360 370 
3-carboxyindole Model 2, reactant, 2H2O D0
     16.6479                20.8361                38.7618
    84.3478               100.5760               103.6705
   114.5967               118.6858               134.1886
   174.4348               224.9352               226.5940
   273.2068               287.1762               320.3312
   363.1506               386.4902               432.2090
   435.2483               521.6544               532.9709
   589.1438               610.5528               617.5003
   631.0163               650.5614               747.1516
   764.8318               777.4726               786.7553
   799.2487               853.5839               873.9416
   898.0406               907.6528               951.4916
   982.1730              1036.6593              1040.2700
  1134.5372              1162.2305              1176.6699
  1208.7184              1268.3144              1274.9770
  1291.2480              1358.5457              1373.1691
  1396.5838              1448.1981              1490.6412
  1528.9796              1555.1956              1616.5568
  1621.1098              1660.4877              1662.5947
  1681.9858              3186.7794              3198.4558
  3210.5081              3230.4697              3271.3026
  3381.9347              3504.8770              3646.1488
  3781.9900              3848.6147              3869.7106
3-carboxyindole Model 2 reactant, 2H2O D6
    15.6210                20.2927                37.1498
    65.6074                82.0756                93.1255
    97.5789               117.9992               126.7878
   166.1134               204.9328               222.1421
   226.3026               239.3877               282.7504
   283.6302               351.6241               412.3784
   428.7976               437.5377               444.8882
   507.7106               585.1421               587.9136
   603.3334               623.2134               644.3105
   754.3056               762.1223               766.8403
   792.7205               794.7089               867.3102
   873.6181               903.2634               936.7880
   951.4753               962.6330               982.1724
  1036.8358              1051.7848              1137.3264
  1176.2150              1185.3511              1205.8784
  1212.7030              1248.4213              1282.6706
  1351.8856              1369.4934              1392.1110
  1395.4419              1485.3976              1520.6628
  1549.6429              1612.0913              1655.7145
  1670.1889              2467.7118              2543.9983
  2677.0258              2724.2337              2802.0675
  2834.8911              3186.7795              3198.4553
  3210.5089              3230.4704              3271.7959
3-carboxyindole, Model 2, TS1 2H2O cyclic D0
  -1183.4759                28.4540                54.6040
    71.1526                81.7948               121.3570
   143.6096               238.0559               239.5679
   271.5821               333.7034               350.8704
   359.5936               387.9352               429.0029
   454.1824               464.2282               504.4453
   522.3948               588.8269               594.0209
   634.5247               645.6393               651.5273
   699.9761               763.6473               777.3536
   785.7810               797.6318               846.3142
   871.4942               886.5171               890.2330
   951.8036               961.7182               995.2700
  1037.6959              1038.5417              1097.1286
  1129.2442              1159.1727              1177.6543
  1214.7047              1246.6288              1269.6830
  1296.9432              1335.8610              1338.7896
  1375.5210              1460.4776              1473.9497
  1497.1903              1518.5587              1544.4183
  1617.9824              1627.6461              1650.4630
  1661.2341              1678.7505              2710.2392
  3041.0470              3192.1026              3204.7732
  3217.4646              3228.5252              3275.9220
  3617.7610              3789.7087              3836.3752
3-carboxyindole, Model 2, TS1 2H2O cyclic D6
 -576.9486                26.7695                53.3162
   67.9698                79.8134               117.3256
  140.8895               224.4859               233.1692
  248.0983               264.4476               305.3786
  322.8825               340.4125               355.9970
  378.2283               433.8663               447.5484
  457.1212               487.1347               498.6350
  503.3274               592.0137               595.8265
  640.4671               649.6662               677.9259
  690.4694               766.4464               776.4575
  790.4263               798.3002               837.6128
  862.4208               885.2567               894.7078
  933.7067               958.7733               962.0993
  995.2665              1037.7423              1058.7063
 1137.1098              1172.5198              1180.8732
 1187.7511              1201.2548              1244.1096
 1282.0158              1328.1259              1337.7145
 1373.2909              1404.7099              1485.8972
 1494.3799              1525.6193              1619.4623
 1636.4781              1656.8752              1972.1390
 2218.3077              2656.6639              2755.9095
 2790.7703              3192.1020              3204.7732
 3217.4636              3228.5248              3276.0320
     25 288 298 300 310 320 330 340 350 360 370 
3-carboxyindole Model 2, reactant, 2H2O D0
     16.6479                20.8361                38.7618
    84.3478               100.5760               103.6705
   114.5967               118.6858               134.1886
   174.4348               224.9352               226.5940
   273.2068               287.1762               320.3312
   363.1506               386.4902               432.2090
   435.2483               521.6544               532.9709
   589.1438               610.5528               617.5003
   631.0163               650.5614               747.1516
   764.8318               777.4726               786.7553
   799.2487               853.5839               873.9416
   898.0406               907.6528               951.4916
   982.1730              1036.6593              1040.2700
  1134.5372              1162.2305              1176.6699
  1208.7184              1268.3144              1274.9770
  1291.2480              1358.5457              1373.1691
  1396.5838              1448.1981              1490.6412
  1528.9796              1555.1956              1616.5568
  1621.1098              1660.4877              1662.5947
  1681.9858              3186.7794              3198.4558
  3210.5081              3230.4697              3271.3026
  3381.9347              3504.8770              3646.1488
  3781.9900              3848.6147              3869.7106
3-carboxyindole Model 2 reactant, 2H2O D6
    15.6210                20.2927                37.1498
    65.6074                82.0756                93.1255
    97.5789               117.9992               126.7878
   166.1134               204.9328               222.1421
   226.3026               239.3877               282.7504
   283.6302               351.6241               412.3784
   428.7976               437.5377               444.8882
   507.7106               585.1421               587.9136
   603.3334               623.2134               644.3105
   754.3056               762.1223               766.8403
   792.7205               794.7089               867.3102
   873.6181               903.2634               936.7880
   951.4753               962.6330               982.1724
  1036.8358              1051.7848              1137.3264
  1176.2150              1185.3511              1205.8784
  1212.7030              1248.4213              1282.6706
  1351.8856              1369.4934              1392.1110
  1395.4419              1485.3976              1520.6628
  1549.6429              1612.0913              1655.7145
  1670.1889              2467.7118              2543.9983
  2677.0258              2724.2337              2802.0675
  2834.8911              3186.7795              3198.4553
  3210.5089              3230.4704              3271.7959
3-carboxyindole, Model 1b TS2 2H2O  D0
  -269.7956                15.4847                20.9392
   39.4579                44.9385                77.3648
   93.3541               113.6621               161.4327
  168.4505               182.7327               238.4916
  259.8207               328.9227               349.1479
  381.3974               421.8214               442.1552
  456.8320               525.9692               529.7083
  563.2737               589.5859               633.5414
  640.8571               643.4778               676.2827
  732.8855               770.5897               783.6416
  791.3353               883.5971               889.0738
  917.3699               944.5674               961.6394
  988.2127               998.6051              1041.7487
 1077.8997              1129.9153              1177.8633
 1184.1562              1223.9782              1233.3205
 1275.3980              1286.9042              1361.6425
 1373.6365              1471.3400              1501.7225
 1509.1770              1553.3967              1633.7293
 1636.3477              1660.2167              1665.0844
 1874.5235              3193.9212              3203.4831
 3211.7470              3215.4909              3219.7460
 3248.8397              3573.3914              3611.1182
 3614.2317              3724.4348              3846.9587
3-carboxyindole, Model 1b, TS2 2H2O  D6
 -266.7351                14.9914                20.2103
   38.5960                43.9112                76.1536
   92.1493               111.6882               124.0872
  154.7469               173.5956               230.9732
  237.6175               259.7965               276.4172
  330.2396               341.2381               379.2511
  409.9196               435.3994               467.4154
  513.8084               519.2111               554.0960
  592.8285               602.7721               630.5965
  710.0892               749.6098               756.0819
  774.5995               795.9961               828.5724
  867.1230               890.1910               918.4453
  961.9184               971.6190               991.0125
  998.5929              1041.8690              1125.6062
 1158.6569              1181.5300              1193.0794
 1211.8376              1212.9095              1262.4312
 1277.8396              1343.2409              1371.1422
 1398.0655              1489.5573              1502.7948
 1535.0360              1630.6244              1660.2734
 1872.8802              2373.8644              2585.4799
 2616.7243              2653.3675              2719.6787
 2804.8345              3193.9213              3203.4844
 3211.7517              3219.7482              3248.4947
      27 288 298 300 310 320 330 340 350 360 370 
3-carboxyindole Model 3, reactant, 2H2O D0
   18.3062                32.3672                46.9627
   50.3873                89.7188                98.0133
  117.0156               128.0551               139.1360
  177.3559               231.0347               282.5194
  355.6099               417.8475               433.1448
  449.0497               511.3752               529.6348
  580.7530               583.6560               604.2869
  607.4551               641.3701               647.3350
  687.6774               753.0497               757.8826
  765.1592               789.7843               798.2298
  816.2337               871.3768               879.7657
  889.4074               898.6953               952.2810
  983.9970              1019.1671              1034.5234
 1038.4508              1072.6974              1133.1283
 1155.4307              1175.2511              1201.5242
 1232.0759              1267.9935              1278.6584
 1336.8522              1352.1930              1368.7685
 1373.3227              1388.7168              1420.1472
 1450.3838              1461.3196              1469.2307
 1489.6479              1530.8155              1549.8129
 1617.6256              1661.3683              1725.1932
  1738.4323              3071.3775              3129.4543
  3181.1591              3188.7194              3199.2994
  3210.7819              3223.1881              3278.4668
  3369.2973              3580.0425              3648.2466
3-carboxyindole Model 3 reactant, 2H2O D3
    18.2123                32.0943                46.4737
   49.8708                88.4181                97.2085
  115.2649               127.2112               138.3635
  175.0170               227.8523               277.8720
  345.3793               405.9992               415.2981
  434.2896               440.5850               470.0353
  500.1038               563.5945               578.1242
  584.8621               590.4525               628.0716
  631.1362               642.3012               747.1959
  756.9711               765.5408               790.6662
  800.4802               836.3851               870.3249
  871.3790               877.4794               949.2926
  952.2820               983.9962               994.1474
 1002.9747              1035.3681              1049.2017
 1068.4845              1074.4290              1136.8470
 1174.5446              1195.1690              1239.5287
 1278.1214              1316.2073              1343.8269
 1368.1346              1383.0681              1390.2367
 1408.9903              1460.7070              1469.1712
 1484.4878              1521.6227              1543.5498
 1612.4218              1656.8689              1714.8232
  1726.3130              2458.9215              2604.3540
  2678.6085              3071.3931              3129.4534
  3181.1744              3188.7196              3199.2986
  3210.7828              3223.1900              3278.5579
3-carboxyindole, Model 3 2H2O  D0
 -131.7965                32.7950                42.4008
   50.2135                70.0253               104.8076
  115.4659               134.2686               150.1344
  227.4400               246.6799               285.3913
  357.0792               419.0026               440.4866
  473.2280               492.7480               568.7862
  586.0004               618.3636               639.3822
  647.3433               660.7296               702.4875
  747.0609               763.2612               779.4412
  791.2045               848.5946               886.4021
  892.0718               923.5728               962.3654
  970.2593               997.0263              1004.6751
 1033.1824              1039.5258              1068.5195
 1091.2472              1123.4832              1156.5107
 1178.3574              1189.0887              1200.5483
 1235.4317              1251.6415              1283.5072
 1327.7409              1345.6685              1367.0582
 1382.5018              1393.2850              1435.2527
 1459.3383              1471.2540              1479.0254
 1493.1841              1508.3274              1535.2003
 1574.7612              1635.6608              1666.1639
  1725.9901              1797.1176              2175.2350
  3056.7494              3120.6184              3154.2925
  3199.3024              3211.0299              3222.1806
  3225.7737              3273.1689              3584.5568
3-carboxyindole, Model 3 2H2O  D3
  -129.5906                32.6875                42.0210
   49.9815                69.6410               104.4347
  114.8384               133.1392               149.7677
  222.9213               245.0456               276.8568
  346.7188               413.7472               434.0713
  468.8718               482.6703               536.3486
  563.5912               600.6895               608.2192
  627.4992               637.6979               658.5463
  728.6863               751.8818               769.5593
  776.7674               810.9758               834.4162
  852.6738               859.5396               890.2536
  910.4557               947.9231               963.9796
  968.2226               970.6744              1004.4939
 1028.5521              1039.4930              1056.7677
 1070.5165              1090.6717              1120.4491
 1137.4436              1164.9032              1184.2824
 1215.3600              1266.9579              1316.0002
 1336.4056              1372.6638              1375.9642
 1401.1333              1421.8157              1453.4236
 1477.5477              1489.2231              1506.1674
 1517.9629              1563.0626              1633.3628
  1660.1896              1688.0596              1764.5028
  2633.6330              3056.7406              3120.6132
  3154.2752              3199.3022              3211.0296
  3222.1807              3225.7721              3273.3160
        30 288 298 300 310 320 330 340 350 360 370 
3-carboxyindole Model 5, reactant, 2H2O D0
   13.1305                20.8758                33.5518
   57.6411                65.0653                77.7836
   81.8927               104.6611               118.0653
  126.3498               136.2130               145.9114
  183.9174               195.2991               236.1492
  286.2350               292.2800               327.3172
  369.7140               417.5280               434.6802
  514.8145               535.7847               586.6963
  606.8487               608.6951               637.6789
  648.7535               684.6457               711.0865
  755.5986               767.5274               772.8443
  795.8863               800.0633               872.2780
  882.4693               896.2133               899.6418
  953.1165               985.9494              1032.8826
 1034.6772              1042.1713              1084.1841
 1133.6418              1145.2683              1158.7949
 1175.0774              1209.5800              1223.0286
 1240.5383              1271.0525              1280.4181
 1320.0554              1347.1269              1351.8286
  1371.5239              1376.6925              1394.8673
  1435.6251              1451.8338              1489.4944
  1530.7154              1549.9999              1580.5598
  1617.4829              1661.0909              1722.0228
  1906.9808              2218.9089              3188.4572
  3199.1776              3206.8623              3210.7961
  3227.0516              3282.5046              3496.7939
  3584.4386              3646.9313              3705.0739
  4363.6884              4663.2110              4812.3586
3-carboxyindole Model 5 reactant D5
   13.0803                19.9857                32.9154
  55.6146                64.0643                76.3060
  80.5506               101.7492               109.6719
 125.2513               135.3963               144.4461
 177.8448               190.8234               232.8906
 273.6534               286.5214               310.1898
 359.1175               412.4178               414.8890
 436.1508               494.9326               498.2860
 502.7510               585.1889               592.3354
 608.3659               623.7222               636.7209
 644.3337               756.1461               760.8447
 768.3287               794.4485               800.8402
 818.6807               871.8590               872.6184
 891.7677               905.4104               951.5500
 953.1109               985.9527               992.9273
1021.8861              1034.9801              1054.7393
1081.1920              1094.4083              1137.2051
1146.7212              1174.3468              1199.6234
1224.1811              1244.4525              1279.5598
 1345.5010              1368.8498              1382.9650
 1391.2465              1416.1219              1420.9180
 1483.7623              1521.0124              1542.9693
 1612.1494              1656.2996              1707.9706
 1882.6806              1966.6258              2343.6428
 2548.3286              2608.6046              2677.5047
 3188.4581              3199.1778              3210.7751
 3227.0522              3282.5594              3683.7795
 4221.2242              4562.3552              4710.2436
3-carboxyindole, Model 5 2H2O  D0
 -701.9616                30.2153                43.7519
   56.2653                75.3994                86.7460
  106.5668               116.8579               129.3655
  142.6568               179.3662               223.3489
  241.4429               262.6811               321.9346
  364.2458               417.3061               429.0364
  458.9972               502.8483               508.0820
  540.8493               585.8342               600.5230
  621.7600               637.4525               649.8942
  668.0703               675.1482               715.1843
  757.5201               765.5687               780.4630
  798.5928               846.6126               888.7579
  891.5839               923.9789               964.2024
  977.9437              1002.8547              1033.6528
 1040.1346              1048.0692              1071.4977
 1088.5636              1127.2617              1140.7394
 1172.6578              1181.4900              1206.0428
 1238.2745              1261.3954              1295.8628
 1328.9189              1350.6454              1374.9460
  1378.8720              1398.4931              1413.9574
  1438.2609              1463.1733              1473.7611
  1482.8148              1500.2808              1517.0358
  1551.0085              1569.6540              1633.9972
  1660.3172              1665.4459              1754.3567
  2419.2149              2476.8937              3021.7662
  3083.1166              3121.9685              3197.4368
  3209.9230              3222.4971              3231.3751
  3263.1058              3600.4077              3810.9501
3-carboxyindole, Model 5 2H2O  D5
 -558.3231                29.7227                43.3293
   55.7727                72.3407                85.4512
  105.8070               115.6020               128.4966
  141.0178               179.3019               220.1904
  237.4465               252.8633               306.8056
  341.2567               352.8881               409.0385
  427.2681               464.6349               491.2305
  494.9733               522.1965               535.6996
  587.4335               598.9555               622.2331
  641.1019               652.3465               672.6162
  744.4791               749.6962               771.5342
  783.4000               799.2240               813.4920
  827.7546               864.1294               886.1638
  931.5162               939.9983               954.9625
  963.9604               973.9167              1002.7101
 1003.6130              1033.2138              1040.0048
 1048.3842              1073.7795              1076.1177
 1135.5830              1182.1022              1188.4727
 1199.8040              1232.2963              1266.5801
  1321.8174              1341.5224              1372.1719
  1381.3380              1408.8771              1429.3182
  1457.3855              1482.7594              1489.7671
  1502.5092              1506.5423              1547.5510
  1629.9392              1659.3260              1733.2234
  1815.6371              1851.1988              2644.8222
  2771.5229              3021.7414              3083.1097
  3121.9420              3197.4366              3209.9228
  3222.4963              3231.3751              3263.2129
          31 288 298 300 310 320 330 340 350 360 370 
3-carboxyindole Model 7, reactant, 2H2O D0
    8.4691                15.7027                24.8687
   33.3413                43.9007                62.6978
   88.8240               101.2163               113.9642
  134.6440               136.5737               141.8005
  163.3491               166.7041               171.4755
  196.4552               228.0890               240.5119
  241.7121               287.3891               303.9223
  312.6748               333.7339               356.9219
  411.4763               431.2012               440.7145
  461.1709               491.4276               519.2267
  536.6934               562.6011               588.7130
  592.2900               612.1433               638.3024
  642.5254               657.8695               754.5196
  768.0320               782.9748               795.5642
  801.7467               878.9397               886.3867
  898.9055               902.5674               958.5700
  986.8663              1038.3573              1044.1348
 1136.1316              1165.0537              1177.7877
  1211.7087              1273.3392              1283.2392
  1340.7137              1358.6556              1373.4765
  1400.6301              1451.5436              1492.2246
  1529.8318              1554.4862              1617.2876
  1622.8366              1633.5844              1652.6117
  1660.9201              1673.0785              1700.4292
  3189.7022              3200.6747              3211.9988
  3222.0404              3224.7788              3282.1551
  3617.6843              3626.6125              3643.3000
  3645.2868              3672.9977              3780.5108
  3835.0847              3838.4870              3866.5075
3-carboxyindole Model 7 reactant D10
    7.8522                15.0791                23.4545
   32.4129                42.3266                60.7344
   84.0754                95.5774               103.3708
  107.9950               121.0238               130.5724
  135.2771               158.6408               162.6904
  174.2477               189.6947               217.9309
  224.6293               228.1594               239.2747
  246.0856               276.3696               288.1173
  324.9551               351.7652               376.3379
  400.5964               414.9771               430.6272
  433.8913               442.2259               468.3430
  510.1662               586.6614               592.8375
  623.4581               638.7207               646.2254
  756.9878               767.3804               771.5842
  796.8715               799.7558               870.6874
  878.9879               896.0549               950.0742
  958.3673               986.7100               988.6625
 1038.3493              1056.9298              1138.8640
  1177.4587              1187.0284              1192.9471
  1202.8537              1209.8785              1238.7303
  1248.6399              1283.1952              1351.7353
  1370.7268              1392.3493              1398.5632
  1486.9571              1520.8829              1547.5303
  1612.5550              1654.7088              1661.1816
  2354.3531              2612.7735              2624.8966
  2638.6635              2676.1976              2685.9438
  2723.1994              2795.6935              2800.8502
  2832.4961              3189.7030              3200.6764
  3212.0108              3224.7843              3282.0590
3-carboxyindole, Model 7 2H2O  D0
-1166.2286                13.2513                16.5271
   29.6132                46.9712                50.9271
   75.6325                81.7234               116.1006
  130.6350               160.6767               163.5871
  173.1497               194.8505               202.9373
  226.8123               240.2697               256.0258
  364.1266               406.7481               427.3680
  429.1410               453.1748               473.1955
  507.8394               516.2548               533.5042
  569.9881               574.5752               597.6364
  611.3107               638.3202               653.9391
  668.4482               696.1736               751.4205
  769.7891               780.1465               790.5018
  797.4563               844.0009               860.1363
  886.1804               890.0902               955.7305
  958.8735               967.0679               998.3642
 1037.0757              1055.7412              1129.0935
 1160.3961              1177.4958              1201.4493
  1231.4808              1245.6090              1292.2480
  1316.8326              1345.7023              1359.6031
  1378.6015              1464.7785              1482.2247
  1497.2972              1517.6392              1522.5268
  1549.5555              1617.9062              1632.3378
  1647.3537              1661.9857              1668.8670
  1712.8389              2834.3388              3193.6002
  3205.1587              3216.5555              3229.8167
  3277.5522              3307.6186              3525.5623
  3611.5471              3626.9426              3784.3888
  3799.7279              3844.0698              4764.2697
3-carboxyindole, Model 7 2H2O  D10
   -865.9773                12.6287                15.8776
   28.9666                45.8617                49.9946
   72.2208                80.2828               112.5541
  125.8423               154.2304               156.7163
  159.8006               165.8223               188.0022
  197.4058               234.3313               245.7278
  310.1635               343.6848               356.7506
  374.6542               384.1684               400.1372
  409.0992               422.8711               446.6867
  457.4687               485.9028               500.5637
  511.2246               542.2076               593.0586
  597.2245               604.5203               647.5649
  665.8396               692.2618               764.1823
  779.5308               787.2971               797.3831
  826.7334               862.7013               875.8823
  884.4269               937.2759               956.3622
  961.3839               967.0048               998.3633
 1037.1273              1044.0000              1085.2186
  1112.9286              1138.5137              1176.2630
  1184.9887              1199.9077              1206.4571
  1244.9573              1250.0549              1286.2603
  1336.8332              1357.7462              1375.7681
  1410.4155              1487.9750              1501.4615
  1531.8118              1609.1212              1625.9478
  1657.2413              2066.6144              2406.3003
  2554.8150              2644.7470              2652.5902
  2733.4028              2759.3457              2797.3871
  3193.6006              3205.1585              3216.5562
  3229.8181              3277.6805              3382.4905
            31 288 298 300 310 320 330 340 350 360 370 
3-carboxyindole Model 6, reactant, 2H2O D0
    8.4691                15.7027                24.8687
   33.3413                43.9007                62.6978
   88.8240               101.2163               113.9642
  134.6440               136.5737               141.8005
  163.3491               166.7041               171.4755
  196.4552               228.0890               240.5119
  241.7121               287.3891               303.9223
  312.6748               333.7339               356.9219
  411.4763               431.2012               440.7145
  461.1709               491.4276               519.2267
  536.6934               562.6011               588.7130
  592.2900               612.1433               638.3024
  642.5254               657.8695               754.5196
  768.0320               782.9748               795.5642
  801.7467               878.9397               886.3867
  898.9055               902.5674               958.5700
  986.8663              1038.3573              1044.1348
 1136.1316              1165.0537              1177.7877
  1211.7087              1273.3392              1283.2392
  1340.7137              1358.6556              1373.4765
  1400.6301              1451.5436              1492.2246
  1529.8318              1554.4862              1617.2876
  1622.8366              1633.5844              1652.6117
  1660.9201              1673.0785              1700.4292
  3189.7022              3200.6747              3211.9988
  3222.0404              3224.7788              3282.1551
  3617.6843              3626.6125              3643.3000
  3645.2868              3672.9977              3780.5108
  3835.0847              3838.4870              3866.5075
3-carboxyindole Model 6 reactant D10
    7.8522                15.0791                23.4545
   32.4129                42.3266                60.7344
   84.0754                95.5774               103.3708
  107.9950               121.0238               130.5724
  135.2771               158.6408               162.6904
  174.2477               189.6947               217.9309
  224.6293               228.1594               239.2747
  246.0856               276.3696               288.1173
  324.9551               351.7652               376.3379
  400.5964               414.9771               430.6272
  433.8913               442.2259               468.3430
  510.1662               586.6614               592.8375
  623.4581               638.7207               646.2254
  756.9878               767.3804               771.5842
  796.8715               799.7558               870.6874
  878.9879               896.0549               950.0742
  958.3673               986.7100               988.6625
 1038.3493              1056.9298              1138.8640
  1177.4587              1187.0284              1192.9471
  1202.8537              1209.8785              1238.7303
  1248.6399              1283.1952              1351.7353
  1370.7268              1392.3493              1398.5632
  1486.9571              1520.8829              1547.5303
  1612.5550              1654.7088              1661.1816
  2354.3531              2612.7735              2624.8966
  2638.6635              2676.1976              2685.9438
  2723.1994              2795.6935              2800.8502
  2832.4961              3189.7030              3200.6764
  3212.0108              3224.7843              3282.0590
3-carboxyindole, Model 6 2H2O  D0
 -969.8463                38.9831                46.9698
   52.7141                63.8489                74.2107
   86.0797               101.7552               122.1081
  141.5233               205.3975               216.0622
  234.6582               244.3304               246.2691
  257.3892               271.3232               299.6875
  314.9409               336.0749               346.9972
  401.0314               420.6658               431.4961
  480.4974               485.1648               501.6699
  543.7807               584.5899               596.8212
  645.4123               653.6589               682.7884
  722.0400               750.3682               767.8376
  781.7120               788.1325               808.3423
  813.4204               845.2166               875.7780
  890.5948               891.3118               952.1820
  960.9733               972.0933               997.2733
 1015.7614              1039.0677              1051.7750
 1133.2612              1177.8125              1179.0645
  1216.8388              1241.2138              1280.1442
  1317.2279              1328.8671              1357.0184
  1375.2558              1441.0229              1469.3300
  1499.6131              1517.8982              1551.3818
  1616.9147              1629.0886              1635.7770
  1651.4041              1662.9805              1683.8924
  1693.8904              3126.1813              3181.8223
  3193.1115              3205.6314              3218.0084
  3230.3334              3252.4670              3263.8101
  3337.1943              3424.6571              3609.0727
  3839.6472              3839.7574              3847.7211
3-carboxyindole, Model 6 2H2O  D10
 -736.7508                36.9455                45.4918
   50.9395                60.8889                69.6075
   84.3646                97.9743               120.0153
  137.6315               179.4871               197.7007
  206.1703               223.6779               229.9024
  231.0364               249.6478               253.2361
  256.3129               289.5772               310.4373
  334.7881               357.1192               392.3964
  404.0901               429.5454               465.5380
  493.6110               508.3887               517.7479
  540.3776               577.2229               590.4922
  596.9052               630.1036               647.5425
  662.5020               695.5205               726.5939
  766.4866               780.4167               789.9653
  807.3494               836.1849               863.2238
  884.4423               936.2751               961.3383
  970.4673               976.6652               997.2679
 1023.2864              1039.0821              1071.4674
  1138.0284              1179.2321              1184.3969
  1187.0005              1195.4714              1215.2400
  1228.8947              1240.1124              1279.5982
  1322.0306              1337.8054              1374.3218
  1412.2660              1489.1046              1502.5908
  1533.4263              1623.3707              1647.6717
  1658.6103              2278.1651              2315.7069
  2369.0100              2425.2122              2487.9790
  2650.5668              2794.5180              2795.5684
  2800.0601              3193.1084              3205.6311
  3218.0066              3230.3339              3264.0604
             33 288 298 300 310 320 330 340 350 360 370 
3-carboxyindole Model HCl ionised reactant, 2H2O D0
     9.9050                20.0171                36.7714
   46.1118                53.3433                57.4635
   70.3993                93.2242               102.9407
  104.9243               112.6399               129.2100
  139.5704               146.1385               149.1687
  163.1855               199.0416               219.7092
  237.5818               282.8777               294.3339
  302.2858               328.3702               329.8660
  369.7230               413.7627               433.7003
  446.7928               451.0490               482.9739
  493.6875               516.0576               539.2400
  555.2413               566.3867               591.9811
  607.9970               640.6552               649.6286
  706.0395               760.7626               775.5498
  777.1636               797.3303               800.9853
  874.5897               885.9682               899.8991
  913.4840               918.6751               975.2700
  1013.1761              1036.7303              1044.2830
  1137.4482              1166.7501              1178.1621
  1204.0484              1213.7386              1271.3307
  1276.8746              1295.5593              1355.8528
  1373.5164              1389.6920              1452.1016
  1492.0583              1529.0036              1547.4774
  1595.4893              1613.1622              1620.7253
  1632.8337              1650.1102              1658.7407
  1692.5270              1717.6726              1952.3809
  2523.3813              3196.5078              3207.4639
  3218.0410              3243.1470              3273.4249
  3353.7565              3541.9817              3613.6426
  3640.8460              3665.2758              3672.3613
  3776.8187              3816.4217              3861.9785
3-carboxyindole  Model HCl ionised reactant D11
    8.9121                19.5080                35.9870
   44.8858                50.7828                55.8007
   66.3879                80.8362                89.5573
   99.7885               101.4101               123.6008
  132.0470               140.8680               144.6461
  147.8899               159.5622               203.6180
  228.1584               233.5386               249.1046
  278.4023               287.5241               307.4940
  321.1673               333.1290               346.9888
  352.5031               360.0978               380.0733
  402.6548               417.1325               435.1625
  445.1187               504.2362               513.8764
  590.8655               593.8022               608.1752
  631.8356               643.4949               654.1080
  759.3081               768.0653               776.9649
  794.2824               805.9016               871.9693
  885.4481               888.9923               915.0279
   944.1600               968.2569               975.0866
  1013.0856              1036.7187              1054.3673
  1139.4040              1145.7713              1177.6717
  1184.9956              1189.6093              1203.5363
  1208.0430              1226.2707              1249.9503
  1281.4424              1349.8446              1370.7659
  1385.0877              1395.2421              1468.2439
  1485.5760              1519.2929              1540.3828
  1608.7403              1653.5592              1680.7211
  1840.7178              2447.8831              2576.1346
  2605.9360              2650.0084              2673.2913
  2691.2896              2720.7888              2786.9275
  2829.0228              3196.5086              3207.4650
  3218.0561              3243.1526              3273.9084
3-carboxyindole, Model HCl ionised TS  D0
 -925.5189                11.0605                34.7703
   38.7756                42.6885                46.0523
   67.1670                71.6686                79.6156
   96.9750               114.8289               130.9703
  138.9804               149.6454               161.1142
  168.4109               226.6309               240.1080
  250.7218               260.5977               280.4976
  308.8367               319.1081               350.2695
  373.1996               407.9465               423.9279
  428.1310               431.5812               456.1265
  493.5208               502.7444               536.8980
  576.4674               591.4587               603.7183
  648.0562               667.3562               703.8442
  718.1686               758.6756               767.9146
  781.9026               794.7343               838.2661
  866.1761               889.7012               896.8442
   930.5764               949.9515               962.4508
   983.7569              1023.8115              1039.6790
  1043.2704              1131.5821              1169.9948
  1181.7225              1206.7500              1227.2785
  1263.5477              1294.0449              1319.1609
  1351.6589              1372.0611              1427.7216
  1460.5556              1475.0006              1501.5741
  1516.9047              1567.6338              1603.7772
  1627.0697              1632.7038              1647.7655
  1648.9288              1664.7702              1755.9737
  2991.4062              3122.3468              3197.4980
  3208.7597              3217.4182              3221.6009
  3226.2743              3276.2375              3549.3940
  3593.6569              3647.7396              3730.9838
  3775.1337              3835.6408              3859.8269
3-carboxyindole,  Model HCl ionised TS  D11
 -702.3128                10.7864                34.0810
   37.2439                41.3397                43.5700
   63.6355                69.6057                75.3707
   92.3485                99.7262               112.6906
  131.7852               139.9820               156.2524
  164.5927               209.8560               220.3889
  227.1770               234.2674               243.6523
  260.3286               265.9251               300.4114
  302.8482               307.1439               324.0311
  353.9882               387.2681               397.9279
  423.3602               433.0371               476.3350
  491.0241               515.6260               532.9677
  582.3799               597.4757               605.1217
  641.0771               663.5599               682.8885
  690.5548               753.7730               764.7527
  780.7604               791.7024               823.5673
   861.2904               885.0507               912.6278
   960.2707               969.1953               983.9998
  1009.0932              1023.8212              1041.8044
  1043.6347              1084.7299              1136.2419
  1169.1005              1183.9025              1185.8715
  1189.4584              1199.8560              1203.7759
  1233.4435              1261.5400              1328.5676
  1346.9276              1371.8060              1412.9117
  1492.6361              1506.9473              1548.7987
  1629.0789              1658.7862              1736.6836
  2180.0103              2283.2395              2350.3266
  2571.4707              2638.6416              2640.0770
  2719.6825              2720.7291              2800.1053
  2827.2709              3197.5004              3208.7642
  3217.4527              3221.6143              3276.3791
               33 288 298 300 310 320 330 340 350 360 370 
3-carboxyindole Model HCl covalent reactant, 2H2O D0
    5.1253                11.7604                14.1381
   23.7806                41.2184                43.8030
   55.4292                62.1122                91.4896
  107.1381               111.1487               126.3671
  131.9642               142.1669               151.3047
  163.7134               190.0707               216.2456
  221.0539               232.5133               261.9128
  294.9315               310.4833               331.7957
  334.0039               357.3997               423.1692
  435.9779               442.2605               453.3082
  480.8216               513.1907               522.5988
  550.2839               588.1384               592.6461
  609.3794               620.8244               645.9993
  654.4693               702.0890               758.0708
  771.1537               784.5304               799.1186
  803.7083               873.5754               884.1538
  891.1688               898.0730               902.1666
   972.8662              1010.2385              1016.2314
  1039.6206              1050.6573              1137.5504
  1160.5148              1177.8634              1217.8959
  1273.7466              1286.1997              1357.7427
  1372.5214              1375.1343              1406.8411
  1453.3958              1493.6375              1530.4171
  1553.5252              1617.3580              1626.2163
  1629.2240              1633.0224              1660.5185
  1665.0877              1690.1512              1742.7170
  3171.8612              3189.2792              3200.0921
  3210.8264              3216.3216              3282.4874
  3361.3690              3623.4118              3646.7931
  3647.6805              3675.0665              3772.9740
  3810.2480              3842.7239              3856.2426
3-carboxyindole  Model HCl covalent reactant D11
    4.5966                11.3411                13.6877
  22.5616                40.2548                42.1650
  53.9399                59.8685                85.9500
  92.5910               103.5122               105.5733
 125.8169               138.9819               145.3587
 157.6811               159.7494               183.3457
 210.2770               224.2271               229.5431
 244.9313               249.0564               259.2952
 279.9393               298.1944               318.3892
 345.0037               366.5969               382.8316
 425.5756               430.4072               431.7476
 445.3063               450.9973               494.1507
 519.8280               587.4693               591.3506
 630.9413               635.8169               644.9991
 647.5910               728.2964               758.3310
 769.2096               775.9619               798.7648
 804.0087               873.0125               883.3005
  890.1873               952.5536               972.7407
 1010.3275              1010.9377              1039.5827
 1062.7827              1140.6123              1177.2060
 1189.4431              1190.7643              1195.3646
 1203.8900              1232.1665              1251.0310
 1257.1571              1285.4116              1351.0211
 1372.0407              1392.9324              1403.9522
 1488.0861              1521.2437              1546.1001
 1612.9793              1641.4616              1657.6877
 2318.1898              2443.5042              2612.9307
 2645.2864              2677.2115              2685.4625
 2717.9697              2773.0499              2804.4478
 2824.8560              3189.2770              3200.0904
 3210.8223              3216.3282              3282.5700
3-carboxyindole, Model HCl ionised TS  D0
 -925.5189                11.0605                34.7703
   38.7756                42.6885                46.0523
   67.1670                71.6686                79.6156
   96.9750               114.8289               130.9703
  138.9804               149.6454               161.1142
  168.4109               226.6309               240.1080
  250.7218               260.5977               280.4976
  308.8367               319.1081               350.2695
  373.1996               407.9465               423.9279
  428.1310               431.5812               456.1265
  493.5208               502.7444               536.8980
  576.4674               591.4587               603.7183
  648.0562               667.3562               703.8442
  718.1686               758.6756               767.9146
  781.9026               794.7343               838.2661
  866.1761               889.7012               896.8442
   930.5764               949.9515               962.4508
   983.7569              1023.8115              1039.6790
  1043.2704              1131.5821              1169.9948
  1181.7225              1206.7500              1227.2785
  1263.5477              1294.0449              1319.1609
  1351.6589              1372.0611              1427.7216
  1460.5556              1475.0006              1501.5741
  1516.9047              1567.6338              1603.7772
  1627.0697              1632.7038              1647.7655
  1648.9288              1664.7702              1755.9737
  2991.4062              3122.3468              3197.4980
  3208.7597              3217.4182              3221.6009
  3226.2743              3276.2375              3549.3940
  3593.6569              3647.7396              3730.9838
  3775.1337              3835.6408              3859.8269
3-carboxyindole,  Model HCl ionised TS  D11
 -702.3128                10.7864                34.0810
   37.2439                41.3397                43.5700
   63.6355                69.6057                75.3707
   92.3485                99.7262               112.6906
  131.7852               139.9820               156.2524
  164.5927               209.8560               220.3889
  227.1770               234.2674               243.6523
  260.3286               265.9251               300.4114
  302.8482               307.1439               324.0311
  353.9882               387.2681               397.9279
  423.3602               433.0371               476.3350
  491.0241               515.6260               532.9677
  582.3799               597.4757               605.1217
  641.0771               663.5599               682.8885
  690.5548               753.7730               764.7527
  780.7604               791.7024               823.5673
   861.2904               885.0507               912.6278
   960.2707               969.1953               983.9998
  1009.0932              1023.8212              1041.8044
  1043.6347              1084.7299              1136.2419
  1169.1005              1183.9025              1185.8715
  1189.4584              1199.8560              1203.7759
  1233.4435              1261.5400              1328.5676
  1346.9276              1371.8060              1412.9117
  1492.6361              1506.9473              1548.7987
  1629.0789              1658.7862              1736.6836
  2180.0103              2283.2395              2350.3266
  2571.4707              2638.6416              2640.0770
  2719.6825              2720.7291              2800.1053
  2827.2709              3197.5004              3208.7642
  3217.4527              3221.6143              3276.3791
                 33 288 298 300 310 320 330 340 350 360 370 
3-carboxyindole Model HCl covalent reactant, 2H2O D0
    5.1253                11.7604                14.1381
   23.7806                41.2184                43.8030
   55.4292                62.1122                91.4896
  107.1381               111.1487               126.3671
  131.9642               142.1669               151.3047
  163.7134               190.0707               216.2456
  221.0539               232.5133               261.9128
  294.9315               310.4833               331.7957
  334.0039               357.3997               423.1692
  435.9779               442.2605               453.3082
  480.8216               513.1907               522.5988
  550.2839               588.1384               592.6461
  609.3794               620.8244               645.9993
  654.4693               702.0890               758.0708
  771.1537               784.5304               799.1186
  803.7083               873.5754               884.1538
  891.1688               898.0730               902.1666
   972.8662              1010.2385              1016.2314
  1039.6206              1050.6573              1137.5504
  1160.5148              1177.8634              1217.8959
  1273.7466              1286.1997              1357.7427
  1372.5214              1375.1343              1406.8411
  1453.3958              1493.6375              1530.4171
  1553.5252              1617.3580              1626.2163
  1629.2240              1633.0224              1660.5185
  1665.0877              1690.1512              1742.7170
  3171.8612              3189.2792              3200.0921
  3210.8264              3216.3216              3282.4874
  3361.3690              3623.4118              3646.7931
  3647.6805              3675.0665              3772.9740
  3810.2480              3842.7239              3856.2426
3-carboxyindole  Model HCl covalent reactant D11
    4.5966                11.3411                13.6877
  22.5616                40.2548                42.1650
  53.9399                59.8685                85.9500
  92.5910               103.5122               105.5733
 125.8169               138.9819               145.3587
 157.6811               159.7494               183.3457
 210.2770               224.2271               229.5431
 244.9313               249.0564               259.2952
 279.9393               298.1944               318.3892
 345.0037               366.5969               382.8316
 425.5756               430.4072               431.7476
 445.3063               450.9973               494.1507
 519.8280               587.4693               591.3506
 630.9413               635.8169               644.9991
 647.5910               728.2964               758.3310
 769.2096               775.9619               798.7648
 804.0087               873.0125               883.3005
  890.1873               952.5536               972.7407
 1010.3275              1010.9377              1039.5827
 1062.7827              1140.6123              1177.2060
 1189.4431              1190.7643              1195.3646
 1203.8900              1232.1665              1251.0310
 1257.1571              1285.4116              1351.0211
 1372.0407              1392.9324              1403.9522
 1488.0861              1521.2437              1546.1001
 1612.9793              1641.4616              1657.6877
 2318.1898              2443.5042              2612.9307
 2645.2864              2677.2115              2685.4625
 2717.9697              2773.0499              2804.4478
 2824.8560              3189.2770              3200.0904
 3210.8223              3216.3282              3282.5700
3-carboxyindole, Model HCl covalent TS  D0
-1170.3960                10.9396                37.0372
   44.4007                49.8678                54.4948
   66.4239                72.1615                79.4886
   88.5799               109.6626               130.7742
  145.7804               204.6391               212.5323
  227.4527               245.3731               253.6179
  257.8401               284.3772               330.6406
  334.8823               352.0476               373.4384
  387.0411               407.9899               438.7547
  447.3941               479.8303               504.3560
  523.6832               539.4389               547.2323
  556.5037               568.2117               612.2253
  625.4034               667.5848               718.4111
  738.4313               743.6620               755.1876
  791.1337               802.0242               820.7772
  855.0637               862.4671               868.0430
   916.9654               942.5665               951.8001
   983.0627               991.4549               997.3258
  1017.1945              1072.0824              1090.9597
  1146.0117              1160.3376              1179.4699
  1200.1097              1215.3471              1274.0002
  1286.4583              1289.7835              1370.6735
  1409.0632              1436.0160              1450.7791
  1469.6178              1485.4436              1526.2092
  1549.1654              1560.1365              1629.8851
  1635.0474              1679.2756              1694.9063
  2525.7783              2847.5206              3046.9147
  3162.1809              3174.5449              3185.9290
  3196.8858              3208.5830              3245.0021
  3286.3011              3397.9545              3610.0007
  3832.1539              3834.5538              3842.3362
3-carboxyindole,  Model HCl covalent TS  D11
-875.4985                10.9401                36.4772
  42.9477                48.0830                52.1541
  63.2117                68.3863                76.7926
  86.6900               106.3291               127.9243
 142.2805               186.6402               197.1579
 202.7767               223.0671               234.4690
 241.4372               244.2462               261.2119
 269.1421               318.1660               326.8992
 343.4000               358.8336               380.6835
 390.7258               392.6861               406.5382
 412.2151               441.6499               474.6414
 497.2436               525.8484               556.2912
 569.2701               591.7628               610.4207
 616.1203               639.6904               657.2563
 719.9098               725.5509               746.8031
 754.3920               759.2191               789.1083
  799.0343               831.8126               865.0103
  924.9721               940.8650               951.5522
  983.6826               990.3642               997.2450
 1017.9707              1045.5792              1094.6397
 1146.0700              1164.0325              1181.0648
 1188.9039              1192.9482              1209.9790
 1216.8363              1227.5972              1269.3783
 1287.3324              1288.2959              1371.9156
 1422.3687              1436.4579              1461.6321
 1517.2293              1544.7709              1549.9555
 1814.3571              2084.8056              2212.0468
 2303.5463              2389.0085              2468.6953
 2650.9960              2788.7374              2791.6593
 2796.0281              3174.5431              3185.9298
 3196.8854              3208.5826              3245.5420
                  35 288 298 300 310 320 330 340 350 360 370 
6-nitro-3-carboxyindole Model HCl ionic reactant D0
    5.1253                11.7604                14.1381
   23.7806                41.2184                43.8030
   55.4292                62.1122                91.4896
  107.1381               111.1487               126.3671
  131.9642               142.1669               151.3047
  163.7134               190.0707               216.2456
  221.0539               232.5133               261.9128
  294.9315               310.4833               331.7957
  334.0039               357.3997               423.1692
  435.9779               442.2605               453.3082
  480.8216               513.1907               522.5988
  550.2839               588.1384               592.6461
  609.3794               620.8244               645.9993
  654.4693               702.0890               758.0708
  771.1537               784.5304               799.1186
  803.7083               873.5754               884.1538
  891.1688               898.0730               902.1666
   972.8662              1010.2385              1016.2314
  1039.6206              1050.6573              1137.5504
  1160.5148              1177.8634              1217.8959
  1273.7466              1286.1997              1357.7427
  1372.5214              1375.1343              1406.8411
  1453.3958              1493.6375              1530.4171
  1553.5252              1617.3580              1626.2163
  1629.2240              1633.0224              1660.5185
  1665.0877              1690.1512              1742.7170
  3171.8612              3189.2792              3200.0921
  3210.8264              3216.3216              3282.4874
  3361.3690              3623.4118              3646.7931
  3647.6805              3675.0665              3772.9740
  3810.2480              3842.7239              3856.2426
6-nitro-3-carboxyindole  Model HCl ionic reactant D11
    4.5966                11.3411                13.6877
  22.5616                40.2548                42.1650
  53.9399                59.8685                85.9500
  92.5910               103.5122               105.5733
 125.8169               138.9819               145.3587
 157.6811               159.7494               183.3457
 210.2770               224.2271               229.5431
 244.9313               249.0564               259.2952
 279.9393               298.1944               318.3892
 345.0037               366.5969               382.8316
 425.5756               430.4072               431.7476
 445.3063               450.9973               494.1507
 519.8280               587.4693               591.3506
 630.9413               635.8169               644.9991
 647.5910               728.2964               758.3310
 769.2096               775.9619               798.7648
 804.0087               873.0125               883.3005
  890.1873               952.5536               972.7407
 1010.3275              1010.9377              1039.5827
 1062.7827              1140.6123              1177.2060
 1189.4431              1190.7643              1195.3646
 1203.8900              1232.1665              1251.0310
 1257.1571              1285.4116              1351.0211
 1372.0407              1392.9324              1403.9522
 1488.0861              1521.2437              1546.1001
 1612.9793              1641.4616              1657.6877
 2318.1898              2443.5042              2612.9307
 2645.2864              2677.2115              2685.4625
 2717.9697              2773.0499              2804.4478
 2824.8560              3189.2770              3200.0904
 3210.8223              3216.3282              3282.5700
6-nitro-3-carboxyindole, Model HCl ionic TS  D0
  -708.0141                13.5237                29.3667
    34.4238                42.3296                47.2144
    54.5493                65.3371                72.7945
    79.0694                95.4109               100.5421
   112.0374               133.1007               152.7260
   161.5987               164.5234               165.5904
   220.5499               230.2288               252.5185
   259.0177               283.0944               299.8243
   308.0046               321.9947               337.4405
   376.5208               391.4459               420.9394
   426.9150               432.5433               442.6874
   455.8798               502.3766               521.2393
   555.7424               558.7344               589.7792
   600.5814               627.3508               678.0326
   699.1521               704.3469               719.9017
    764.3960               769.8345               776.2852
    812.6094               837.8152               852.1482
    860.4396               889.1017               927.5276
    941.6421               950.7916               956.6075
    978.9243              1022.0058              1039.9086
   1088.8734              1154.9663              1166.7293
   1202.3228              1234.1400              1266.0967
   1293.2731              1311.7567              1344.9990
   1361.5485              1391.6584              1436.9280
   1446.9187              1465.1168              1483.6302
   1514.7944              1545.9246              1575.6801
   1601.9573              1626.3352              1642.4400
   1646.2330              1647.6848              1665.5087
   1764.0449              3023.1328              3064.8782
   3217.0290              3238.5793              3248.8989
   3256.3345              3277.8984              3538.6261
   3587.3302              3627.3082              3741.8730
   3776.9222              3835.2494              3860.6111
6-nitro-3-carboxyindole,  Model HCl ionic TS  D11
 -400.6652                13.2677                28.5284
   33.8986                41.1974                44.7786
   53.3228                62.6133                66.9454
   76.7876                91.4548                94.8927
  108.7082               112.6369               132.9209
  151.7579               159.6126               160.1359
  214.0174               216.7480               223.6375
  228.4893               239.3365               254.9820
  269.0476               285.8584               293.6793
  301.6625               313.9094               324.5306
  330.1588               386.9621               399.7093
  410.1326               418.1066               433.3966
  460.0436               479.4855               491.3094
  510.5134               533.7235               551.5422
  557.1799               606.2869               615.3080
   674.0579               693.0398               697.4301
   702.9443               754.1435               763.5563
   769.9383               791.0905               810.5836
   839.5592               845.5839               885.3603
   915.9816               927.6977               966.2167
   983.6822              1021.9719              1048.3699
  1062.8630              1090.0637              1162.3063
  1167.1667              1181.2559              1185.4436
  1197.7324              1201.7263              1223.4622
  1260.6670              1305.3767              1333.7619
  1362.0513              1389.1305              1410.8529
  1472.0954              1497.0685              1545.1927
  1549.5649              1638.7847              1660.4120
  1742.7440              2197.5530              2242.5321
  2358.3740              2564.3772              2624.7525
  2635.8106              2721.0233              2727.8714
  2798.7446              2827.7197              3217.1650
  3248.9027              3256.3457              3278.0402
 0 288 298 300 310 320 330 340 350 360 370 